全连接层输入的特征向量: Parameter containing:
tensor([ 2.1759e-02, -3.8201e-02,  8.6484e-02,  1.3767e-01,  1.8519e-01,
         5.6217e-02,  3.5687e-02, -4.7612e-02, -1.0376e-01, -7.7673e-02,
         6.5267e-03, -3.6171e-02, -7.4770e-02,  4.9748e-02,  2.3051e-02,
        -8.1528e-02, -4.4763e-02, -6.6116e-02,  9.5336e-02,  4.2249e-03,
         8.4689e-02,  1.3176e-01,  7.1000e-02, -2.1138e-02, -6.4721e-02,
        -3.1600e-02,  9.2663e-02,  3.5424e-02,  8.1185e-03, -2.2670e-02,
        -1.3106e-02, -5.3038e-02,  2.8974e-02, -3.3529e-02,  4.0875e-02,
        -5.2171e-02, -9.1241e-02,  1.7495e-02, -9.8909e-03, -1.1621e-01,
        -2.3539e-02,  7.0240e-02,  1.4311e-02, -1.7219e-01,  8.9669e-03,
        -7.8850e-03,  6.6452e-02, -1.5262e-01, -1.7436e-02,  4.4306e-02,
         5.9609e-03, -2.5121e-01,  8.3942e-02,  2.7448e-03, -1.4524e-02,
         5.3815e-02, -4.1285e-02,  2.3073e-02,  5.0124e-02,  6.0352e-02,
         6.4563e-02, -6.4193e-02, -2.5406e-02, -1.0834e-01,  2.3466e-03,
         9.8597e-02,  2.6912e-02,  4.6962e-02,  8.3510e-02,  7.0992e-03,
         1.5721e-02, -3.8679e-02,  5.3070e-02,  6.4631e-02,  7.8723e-02,
         7.1729e-02, -7.7484e-02,  6.2620e-02,  6.0857e-02, -5.1906e-02,
        -1.0443e-02,  9.8344e-04, -4.5740e-02, -9.3690e-02, -4.9720e-02,
         1.9576e-02, -5.1810e-02, -4.9939e-02, -1.1830e-01,  5.3034e-02,
        -3.9437e-02, -1.1271e-01,  8.1097e-02, -1.1569e-01, -5.0654e-02,
         7.6500e-02, -3.1321e-02, -2.6480e-02,  9.3492e-03, -3.3137e-02,
        -2.5618e-02,  1.0236e-02,  8.7786e-02,  1.1769e-01, -3.1551e-02,
        -1.0335e-02,  2.9418e-02,  7.1980e-02,  3.8963e-02,  6.4526e-03,
         8.0937e-03,  2.3551e-01, -2.4858e-02, -1.4636e-01, -3.6966e-02,
        -2.3484e-02, -5.8476e-03, -4.6393e-02, -3.7587e-02, -6.7214e-03,
        -7.7484e-02, -8.3600e-02, -1.1597e-01, -1.3936e-01, -6.8658e-02,
        -8.2619e-02,  3.8626e-02, -3.5660e-02, -2.8984e-02,  2.3736e-02,
         4.9350e-02,  7.3211e-02,  2.6313e-02, -3.6207e-02, -6.9666e-02,
        -8.3124e-02, -7.1829e-02,  6.6844e-02, -7.5483e-03, -3.7575e-03,
         2.9821e-02,  4.6552e-02,  9.1609e-02,  5.1975e-02, -4.9553e-02,
        -1.4043e-02,  1.9281e-03,  5.6804e-02,  5.7567e-02,  1.2884e-01,
        -4.6818e-02, -9.1833e-02, -7.9148e-02,  6.7961e-02,  2.2747e-03,
         2.9198e-02,  3.7929e-02, -4.9269e-02, -9.2705e-02,  5.0969e-02,
        -1.7532e-01,  3.7426e-02,  6.7318e-02,  3.1232e-02, -1.3836e-01,
        -8.6507e-02, -9.4722e-02, -1.2160e-01,  7.0386e-02, -1.9250e-02,
        -9.8683e-05,  1.8012e-02, -2.3702e-02, -2.2758e-02,  1.5100e-02,
        -1.0245e-01, -6.5812e-02, -4.6851e-02,  4.1509e-02, -1.3821e-02,
         2.3694e-04, -3.4171e-02, -4.4291e-02,  1.4750e-02, -2.4416e-03,
        -9.1880e-03, -7.9510e-02,  1.8713e-02, -7.1789e-02, -1.9625e-02,
        -4.1965e-02, -8.0849e-03,  9.6346e-02, -4.2456e-02,  3.8668e-03,
         7.6865e-02,  1.5238e-02, -3.6998e-03, -7.2717e-02,  6.0691e-02,
         1.6882e-02,  2.0819e-02,  1.5493e-02,  3.0001e-02,  5.6379e-02,
         4.4300e-02, -3.3139e-02, -2.9747e-02, -5.7565e-02,  7.2294e-03,
        -5.7491e-02, -1.0030e-02, -4.7524e-02, -1.6543e-02, -1.2909e-02,
        -2.4050e-02, -5.7157e-02,  2.6132e-02,  4.5742e-02, -7.1283e-02,
        -1.5704e-02, -6.8699e-02,  3.3962e-02,  9.2513e-02, -1.5126e-02,
         3.6705e-02, -1.9274e-02,  3.5817e-02,  3.7677e-02,  4.3234e-03,
        -1.6532e-03, -1.3130e-02,  2.2826e-02,  4.6023e-02,  8.0874e-02,
        -2.6528e-02,  4.1537e-02,  4.5623e-02,  1.7410e-02,  6.4491e-02,
        -2.7972e-05,  2.5951e-02, -8.8895e-03,  3.7338e-03, -3.1510e-02,
         6.6573e-02, -6.1966e-02,  4.0275e-02,  2.9269e-02, -1.5630e-02,
         1.4343e-02,  3.0889e-02,  5.0117e-02, -6.1998e-02, -8.1080e-03,
        -3.5373e-02,  2.2778e-03,  1.3711e-02,  5.4320e-02,  5.6836e-02,
         3.4657e-02,  2.6575e-02, -9.1060e-02, -4.8084e-02, -5.1528e-02,
        -3.4631e-02,  1.3081e-02, -8.5762e-02, -2.0387e-01,  1.1557e-02,
         9.9856e-02,  1.2320e-02,  3.8506e-02,  5.4058e-02, -3.5820e-04,
        -6.5856e-02,  2.9529e-02, -1.7874e-02,  2.9289e-02,  8.7353e-02,
        -4.9136e-03,  3.5807e-02, -6.3528e-02,  1.6685e-02,  6.1764e-02,
         2.1796e-02, -4.7948e-03, -2.9393e-03,  2.9731e-02,  1.1207e-01,
         3.8425e-02, -7.0862e-02, -6.5369e-02, -7.6716e-03, -2.0744e-02,
         1.0158e-02,  7.1974e-02,  9.1440e-02,  2.8697e-02,  2.6167e-02,
        -8.2433e-03,  1.0477e-02, -1.8223e-02, -1.3806e-01, -1.3427e-03,
         1.1035e-01, -7.2570e-02, -1.9594e-02, -1.7605e-02, -6.6978e-02,
         5.7448e-02, -8.4071e-02,  3.1210e-04,  8.1264e-02,  2.3168e-02,
         4.3522e-02, -7.4895e-02,  3.5869e-02,  1.1987e-01, -6.3634e-02,
         4.7128e-02, -6.8041e-02, -4.3383e-02, -9.0246e-03,  1.8648e-02,
        -1.5107e-03, -6.9079e-02, -9.4028e-02, -8.6315e-02,  1.0699e-01,
         4.4169e-02, -6.3228e-03,  6.1734e-02, -2.1603e-02, -3.2142e-02,
        -1.0470e-02,  1.1779e-01, -5.4961e-02, -1.3106e-01,  2.3816e-02,
        -3.0674e-02, -7.7992e-02,  2.2358e-02,  2.5552e-02,  3.0577e-02,
        -1.0091e-01,  8.4993e-03,  8.5013e-02, -8.6217e-02, -3.1999e-03,
        -2.1920e-02,  4.7596e-02,  6.5499e-02,  6.0879e-02,  1.7218e-03,
        -1.9187e-01, -2.2729e-02,  3.2150e-03,  7.8484e-02,  1.0896e-01,
        -5.5114e-02,  3.2676e-02, -1.3837e-02, -5.4210e-02, -6.0103e-02,
         3.8518e-02,  2.3118e-02,  5.5637e-02,  7.7218e-02,  9.7587e-02,
        -1.6902e-02, -2.5875e-02,  4.7955e-03,  6.2340e-02,  2.0932e-02,
        -7.0329e-03,  1.6159e-02, -8.9607e-02,  7.6677e-02,  1.1844e-01,
        -3.2178e-02,  4.3110e-02, -8.8705e-03, -3.1841e-03, -2.5350e-02,
         1.0359e-01,  1.2105e-01, -4.3323e-02,  4.3707e-02, -4.3305e-02,
        -9.8725e-02, -1.7726e-02, -6.9717e-02,  1.0889e-02, -3.5041e-02,
        -4.9308e-02, -7.8309e-02, -1.3301e-01,  1.7833e-02,  6.2831e-02,
         9.8556e-03, -3.1123e-02, -8.7687e-03,  3.7695e-02,  5.2987e-02,
         7.1595e-02, -7.9733e-04, -2.6659e-02, -2.0375e-01,  2.7824e-02,
         1.6127e-02, -4.7017e-02, -5.1233e-02,  6.9227e-02,  1.2703e-02,
         2.9774e-03,  1.1040e-01,  5.2093e-02,  9.0800e-02,  7.4486e-02,
        -4.5281e-02,  9.8721e-03,  1.1958e-02, -1.5291e-02,  5.4391e-02,
         7.8265e-02, -7.7085e-03,  3.7656e-03, -1.5114e-01,  8.7733e-02,
         8.2804e-02,  5.2043e-02, -3.1355e-03, -5.6770e-02,  1.8722e-02,
         2.8936e-02, -8.5516e-03,  4.2825e-02,  5.5554e-02, -2.5874e-02,
         1.6024e-02,  4.0612e-02, -7.5031e-02, -1.5514e-02,  1.0229e-02,
         1.2989e-01,  2.5244e-02, -1.2789e-01, -4.9721e-02, -3.5407e-02,
        -5.1666e-02, -4.5894e-02, -1.4511e-02,  6.2196e-02,  1.0736e-02,
         2.6042e-03, -1.0734e-01,  9.3253e-02,  4.0905e-02,  1.8040e-02,
         4.7686e-02,  5.1363e-02, -4.4714e-02,  2.4218e-02, -3.2573e-02,
         9.5893e-02, -6.2473e-03, -2.0327e-03, -3.0909e-04, -7.0400e-02,
         4.7608e-02, -9.1080e-02, -6.2095e-02,  3.4302e-02, -1.3073e-02,
         3.2697e-02, -1.1750e-01, -3.9678e-02, -2.4665e-02,  4.8345e-03,
         3.4342e-02, -4.4545e-02,  1.5457e-03,  1.1384e-02, -6.1163e-02,
        -5.4197e-03,  4.4379e-02,  2.7037e-02,  4.2701e-02,  4.7243e-02,
        -7.4355e-02, -9.5610e-02, -3.4513e-04,  1.4558e-01,  7.1724e-04,
         3.8392e-02, -5.1980e-02,  7.6596e-03, -1.0494e-01, -4.1825e-04,
         2.0539e-01, -1.0602e-02, -3.3545e-02, -1.3269e-02, -2.9299e-02,
        -1.6159e-02,  7.8544e-02, -6.0047e-02,  1.1704e-01, -3.1155e-02,
         4.1310e-03,  6.4262e-03,  1.7818e-02,  1.7642e-02, -5.5694e-02,
         1.9591e-02, -1.5116e-02, -5.4255e-02, -1.0799e-01,  8.0096e-02,
        -3.7383e-02, -4.8735e-02,  7.5206e-03,  5.0670e-02, -7.0732e-02,
        -9.8109e-02,  2.4151e-02,  2.5499e-02, -9.0664e-02,  9.2635e-02,
         1.0295e-01, -8.3082e-02,  4.8536e-02,  1.1743e-01,  1.8717e-02,
        -4.1570e-02,  4.9754e-02,  4.3435e-02, -3.2104e-02,  3.0354e-02,
         1.1755e-03, -6.4568e-02,  2.8158e-02, -2.2090e-02, -8.8716e-02,
        -4.7254e-02, -6.0459e-02,  3.0191e-02,  1.8739e-02,  4.4473e-02,
        -5.6224e-02, -5.6793e-03,  4.6966e-03,  9.4855e-02,  1.3508e-02,
        -8.4364e-02,  3.6586e-03,  7.2912e-02, -4.0470e-03,  8.4746e-03,
        -1.5605e-01, -8.7538e-02, -1.1369e-01,  5.7046e-02, -4.0967e-02,
        -7.8850e-03, -3.0861e-02, -1.7784e-02, -1.1933e-01, -9.9079e-02,
        -7.1401e-02, -5.9642e-02,  6.4467e-02,  2.7444e-02,  7.7600e-02,
        -4.7095e-03, -3.2259e-02, -4.9815e-02, -2.4038e-02, -6.1542e-02,
        -3.2030e-02,  1.2647e-04,  8.8844e-02,  1.6196e-02,  9.0690e-04,
        -4.9813e-02, -8.5015e-02,  4.8673e-02, -9.0798e-02, -4.6787e-02,
        -1.2712e-02,  3.6751e-02, -2.3141e-02,  8.0363e-02, -7.0418e-02,
        -2.6232e-02, -9.4983e-02,  6.1626e-02, -3.6305e-03, -4.1558e-02,
         1.1837e-01,  2.5935e-02,  1.1315e-01, -1.0301e-01, -1.3866e-02,
         8.7182e-02, -9.2959e-02,  1.0768e-01,  1.1268e-01, -1.0893e-01,
        -1.5261e-02, -9.6170e-02, -1.0470e-01, -3.4821e-02, -8.4202e-02,
        -2.6397e-03, -5.3756e-02,  1.0055e-01,  2.7442e-02, -2.9799e-02,
         5.6761e-02,  4.1616e-02,  1.5896e-01,  4.4687e-02,  4.3399e-02,
        -7.5085e-02,  6.9780e-02, -4.8791e-02, -1.5854e-02,  8.0413e-02,
        -6.8915e-03, -2.4046e-02,  9.2444e-02,  4.5542e-02, -3.7568e-03,
        -5.2385e-02, -1.6288e-02, -1.0512e-01,  6.1213e-02, -1.0220e-02,
         1.5200e-01, -3.3409e-02, -5.2192e-02, -6.4991e-02,  2.0251e-01,
         1.7485e-02,  7.7578e-02, -2.1579e-02,  1.7711e-01,  1.0416e-01,
         1.0483e-01,  1.1128e-02,  4.8838e-02,  2.4974e-02, -4.5526e-02,
         1.0087e-01, -7.3625e-03,  1.3869e-02, -2.5341e-02,  8.9742e-02,
         1.6953e-02, -7.1514e-02,  1.7016e-02,  3.4162e-02,  3.8251e-02,
         1.3468e-02, -9.0501e-04, -6.1143e-02, -5.4297e-03,  4.3234e-02,
        -5.3631e-02, -4.7698e-02, -2.2575e-02,  8.3111e-02, -2.0549e-02,
        -1.0866e-01, -1.5742e-01,  1.3322e-01, -5.5099e-02,  9.4562e-03,
         1.2072e-01,  1.4985e-01,  5.6022e-02,  7.8961e-02, -7.9504e-02,
         1.2549e-01, -5.3772e-02, -5.8687e-02, -5.3185e-02, -1.9522e-02,
        -9.4153e-02, -6.6292e-02, -2.2187e-02, -4.9738e-02, -4.6311e-02,
         4.5460e-02, -5.4092e-02,  2.7340e-02,  1.9418e-02, -4.6023e-02,
         2.4003e-02,  5.4532e-02,  4.1836e-02, -1.9981e-02, -2.0242e-02,
        -4.2995e-02, -2.7995e-02, -7.1998e-02,  4.7350e-02, -4.7205e-02,
        -1.5801e-02, -7.0171e-02, -6.4111e-02,  8.0037e-02,  2.1058e-02,
        -2.5234e-02,  5.5529e-02, -2.1639e-02,  6.6098e-02, -2.8537e-02,
        -3.3965e-02, -2.2606e-02, -2.6984e-02, -8.0632e-02, -1.3393e-01,
        -2.7979e-02,  6.3010e-02, -6.0645e-02, -7.4302e-02, -9.8073e-02,
        -7.6732e-02,  2.1717e-03,  9.7566e-03,  8.5136e-02, -3.0419e-02,
         1.0428e-02,  2.3635e-02,  1.3292e-02, -3.1691e-03,  5.7605e-02,
        -1.0547e-01,  7.4959e-02,  7.8002e-02,  8.2632e-02,  3.0370e-02,
         2.3103e-02,  6.5391e-02, -6.0195e-02, -1.1504e-01, -4.6636e-02,
         7.0626e-02, -1.5607e-01, -7.6096e-02,  2.9304e-02, -7.7186e-03,
         1.3368e-02, -5.4386e-02, -1.0961e-01, -8.0009e-02,  2.6333e-02,
         1.1087e-01,  5.2759e-02,  4.8152e-02,  9.7065e-03,  3.7476e-02,
         5.8032e-03, -1.2221e-01, -1.9149e-02,  1.8671e-01,  5.2131e-02,
        -1.0432e-01, -7.4389e-02,  2.1806e-02,  3.1331e-02, -1.2556e-02,
        -1.1358e-01,  2.0806e-02,  9.6195e-02, -1.2207e-01, -1.3307e-01,
         1.5290e-02, -1.2306e-01,  4.7516e-02,  8.9312e-02,  6.2900e-02,
         1.0541e-01, -2.3712e-02, -8.1403e-02, -7.8356e-02,  1.3234e-01,
        -2.1572e-01, -9.9673e-02,  4.8654e-02, -6.1532e-02,  4.9032e-02,
         1.2883e-02, -1.8990e-02,  6.5594e-02,  3.0963e-02,  1.0802e-01,
        -8.7336e-02, -4.0793e-02, -4.1875e-02, -4.0262e-02, -1.1958e-02,
         5.4002e-02, -1.8207e-02, -9.2747e-02, -3.0435e-02,  5.0732e-04,
        -3.4509e-02, -1.3300e-01, -2.0584e-02, -3.4287e-03,  3.3798e-02,
         7.6019e-02, -1.4586e-01, -6.5083e-02,  1.1133e-01, -2.0991e-02,
        -9.6636e-02, -2.9523e-02, -5.6462e-02, -1.1754e-02,  4.6690e-02,
         1.1320e-01, -1.0074e-01, -4.4988e-02, -1.0872e-02, -1.4765e-01,
        -3.6564e-02, -2.6572e-03, -4.8331e-02, -3.4319e-02,  1.9803e-01,
        -1.3178e-01,  4.5631e-02,  4.2718e-02,  1.0053e-01,  3.9020e-02,
        -7.0034e-02,  2.3410e-02,  2.1263e-02, -3.7163e-02,  9.3094e-02,
         2.4271e-02, -2.6040e-02,  1.3311e-02,  2.6087e-02, -4.6824e-02,
        -1.1358e-01, -6.8842e-02, -1.8327e-03, -6.3799e-02,  4.0115e-02,
        -5.0009e-02, -6.0691e-02, -1.5473e-01,  5.2722e-02, -4.2528e-02,
         7.4972e-03,  2.7294e-02, -2.5042e-02, -9.8724e-03, -6.6574e-02,
         1.5013e-02, -1.4917e-02, -8.4133e-02,  8.3032e-02,  3.3268e-02,
         5.7603e-03,  5.1148e-03,  1.8273e-02, -3.2597e-02, -2.3411e-03,
         2.0215e-02,  4.3740e-02, -4.7150e-02, -2.4824e-02, -2.1241e-02,
         4.0492e-03,  8.1200e-02, -1.3477e-01, -4.4830e-02,  1.6292e-01,
         2.0333e-01, -1.0446e-01, -4.2683e-02,  4.2209e-02, -3.5972e-03,
        -8.8700e-03, -1.3101e-01,  1.7674e-02,  2.1332e-02,  9.0498e-02,
         4.1140e-02,  5.9341e-02,  7.0453e-03,  5.3495e-03,  7.5509e-02,
         6.0445e-02,  1.4946e-02,  9.3456e-02,  7.2941e-03,  1.7047e-01,
         1.1177e-01,  5.5514e-02,  1.1050e-02,  1.7548e-01, -5.4500e-02,
         1.2232e-02,  1.1792e-01,  3.8718e-02, -2.6624e-02,  5.7266e-02,
        -9.7332e-02, -7.3740e-02, -8.5785e-02,  6.4664e-02,  4.0530e-02,
        -2.6749e-02, -5.6534e-02,  9.1496e-02, -2.1283e-02, -5.4996e-02,
         6.2924e-02, -1.1378e-02, -3.2570e-02, -1.0129e-01,  4.4521e-02,
         1.0998e-01, -3.1790e-02, -3.5012e-02, -5.1933e-02, -4.7872e-02,
         1.1166e-02, -2.3371e-03, -4.0132e-02,  5.0213e-02, -1.9110e-02,
         7.4315e-03, -5.0644e-02, -1.4163e-02, -8.8041e-02,  2.1981e-02,
         2.6356e-02, -1.4305e-03, -7.6577e-02,  4.3847e-02,  7.9371e-02,
         6.0871e-02,  8.0120e-02, -1.4258e-02, -9.4902e-02, -5.1128e-02,
        -2.3421e-02, -5.8587e-02,  3.9033e-02,  1.0619e-01,  3.4509e-02,
        -1.0888e-01,  1.2591e-01, -7.0609e-02,  1.0308e-02,  1.9289e-02,
        -8.1256e-02,  6.3079e-02,  1.1605e-01,  6.3520e-02,  1.8339e-02,
         1.1817e-01, -1.2815e-03,  6.0986e-02,  1.3635e-01,  2.0476e-01,
         6.9247e-02,  1.8607e-01,  2.8667e-01,  1.1520e-01,  1.5935e-01,
         1.2082e-01, -1.5299e-02, -7.8271e-02,  9.7610e-03,  1.3395e-01,
         6.7636e-02,  1.0475e-01, -4.2235e-02, -4.6976e-02, -5.1201e-03,
        -2.0377e-02, -2.3326e-02, -1.9136e-02, -7.3393e-03, -3.2787e-02,
         8.8231e-02,  5.1196e-02, -4.9468e-02, -3.9990e-02,  1.0419e-02],
       requires_grad=True)
